i	j	b_idx	d[nm]	k[kJ/mol/nm^2]
1	2	0	0.3800	8033.0000
2	3	1	0.3800	8033.0000
3	4	2	0.3800	8033.0000
4	5	3	0.3800	8033.0000
5	6	4	0.3800	8033.0000
6	7	5	0.3800	8033.0000
7	8	6	0.3800	8033.0000
9	10	7	0.3800	8033.0000
10	11	8	0.3800	8033.0000
11	12	9	0.3800	8033.0000
12	13	10	0.3800	8033.0000
13	14	11	0.3800	8033.0000
14	15	12	0.3800	8033.0000
15	16	13	0.3800	8033.0000
17	18	14	0.3800	8033.0000
18	19	15	0.3800	8033.0000
19	20	16	0.3800	8033.0000
20	21	17	0.3800	8033.0000
21	22	18	0.3800	8033.0000
22	23	19	0.3800	8033.0000
23	24	20	0.3800	8033.0000
25	26	21	0.3800	8033.0000
26	27	22	0.3800	8033.0000
27	28	23	0.3800	8033.0000
28	29	24	0.3800	8033.0000
29	30	25	0.3800	8033.0000
30	31	26	0.3800	8033.0000
31	32	27	0.3800	8033.0000
33	34	28	0.3800	8033.0000
34	35	29	0.3800	8033.0000
35	36	30	0.3800	8033.0000
36	37	31	0.3800	8033.0000
37	38	32	0.3800	8033.0000
38	39	33	0.3800	8033.0000
39	40	34	0.3800	8033.0000
41	42	35	0.3800	8033.0000
42	43	36	0.3800	8033.0000
43	44	37	0.3800	8033.0000
44	45	38	0.3800	8033.0000
45	46	39	0.3800	8033.0000
46	47	40	0.3800	8033.0000
47	48	41	0.3800	8033.0000
49	50	42	0.3800	8033.0000
50	51	43	0.3800	8033.0000
51	52	44	0.3800	8033.0000
52	53	45	0.3800	8033.0000
53	54	46	0.3800	8033.0000
54	55	47	0.3800	8033.0000
55	56	48	0.3800	8033.0000
57	58	49	0.3800	8033.0000
58	59	50	0.3800	8033.0000
59	60	51	0.3800	8033.0000
60	61	52	0.3800	8033.0000
61	62	53	0.3800	8033.0000
62	63	54	0.3800	8033.0000
63	64	55	0.3800	8033.0000
65	66	56	0.3800	8033.0000
66	67	57	0.3800	8033.0000
67	68	58	0.3800	8033.0000
68	69	59	0.3800	8033.0000
69	70	60	0.3800	8033.0000
70	71	61	0.3800	8033.0000
71	72	62	0.3800	8033.0000
73	74	63	0.3800	8033.0000
74	75	64	0.3800	8033.0000
75	76	65	0.3800	8033.0000
76	77	66	0.3800	8033.0000
77	78	67	0.3800	8033.0000
78	79	68	0.3800	8033.0000
79	80	69	0.3800	8033.0000
81	82	70	0.3800	8033.0000
82	83	71	0.3800	8033.0000
83	84	72	0.3800	8033.0000
84	85	73	0.3800	8033.0000
85	86	74	0.3800	8033.0000
86	87	75	0.3800	8033.0000
87	88	76	0.3800	8033.0000
89	90	77	0.3800	8033.0000
90	91	78	0.3800	8033.0000
91	92	79	0.3800	8033.0000
92	93	80	0.3800	8033.0000
93	94	81	0.3800	8033.0000
94	95	82	0.3800	8033.0000
95	96	83	0.3800	8033.0000
97	98	84	0.3800	8033.0000
98	99	85	0.3800	8033.0000
99	100	86	0.3800	8033.0000
100	101	87	0.3800	8033.0000
101	102	88	0.3800	8033.0000
102	103	89	0.3800	8033.0000
103	104	90	0.3800	8033.0000
105	106	91	0.3800	8033.0000
106	107	92	0.3800	8033.0000
107	108	93	0.3800	8033.0000
108	109	94	0.3800	8033.0000
109	110	95	0.3800	8033.0000
110	111	96	0.3800	8033.0000
111	112	97	0.3800	8033.0000
113	114	98	0.3800	8033.0000
114	115	99	0.3800	8033.0000
115	116	100	0.3800	8033.0000
116	117	101	0.3800	8033.0000
117	118	102	0.3800	8033.0000
118	119	103	0.3800	8033.0000
119	120	104	0.3800	8033.0000
121	122	105	0.3800	8033.0000
122	123	106	0.3800	8033.0000
123	124	107	0.3800	8033.0000
124	125	108	0.3800	8033.0000
125	126	109	0.3800	8033.0000
126	127	110	0.3800	8033.0000
127	128	111	0.3800	8033.0000
129	130	112	0.3800	8033.0000
130	131	113	0.3800	8033.0000
131	132	114	0.3800	8033.0000
132	133	115	0.3800	8033.0000
133	134	116	0.3800	8033.0000
134	135	117	0.3800	8033.0000
135	136	118	0.3800	8033.0000
137	138	119	0.3800	8033.0000
138	139	120	0.3800	8033.0000
139	140	121	0.3800	8033.0000
140	141	122	0.3800	8033.0000
141	142	123	0.3800	8033.0000
142	143	124	0.3800	8033.0000
143	144	125	0.3800	8033.0000
145	146	126	0.3800	8033.0000
146	147	127	0.3800	8033.0000
147	148	128	0.3800	8033.0000
148	149	129	0.3800	8033.0000
149	150	130	0.3800	8033.0000
150	151	131	0.3800	8033.0000
151	152	132	0.3800	8033.0000
153	154	133	0.3800	8033.0000
154	155	134	0.3800	8033.0000
155	156	135	0.3800	8033.0000
156	157	136	0.3800	8033.0000
157	158	137	0.3800	8033.0000
158	159	138	0.3800	8033.0000
159	160	139	0.3800	8033.0000
161	162	140	0.3800	8033.0000
162	163	141	0.3800	8033.0000
163	164	142	0.3800	8033.0000
164	165	143	0.3800	8033.0000
165	166	144	0.3800	8033.0000
166	167	145	0.3800	8033.0000
167	168	146	0.3800	8033.0000
169	170	147	0.3800	8033.0000
170	171	148	0.3800	8033.0000
171	172	149	0.3800	8033.0000
172	173	150	0.3800	8033.0000
173	174	151	0.3800	8033.0000
174	175	152	0.3800	8033.0000
175	176	153	0.3800	8033.0000
177	178	154	0.3800	8033.0000
178	179	155	0.3800	8033.0000
179	180	156	0.3800	8033.0000
180	181	157	0.3800	8033.0000
181	182	158	0.3800	8033.0000
182	183	159	0.3800	8033.0000
183	184	160	0.3800	8033.0000
185	186	161	0.3800	8033.0000
186	187	162	0.3800	8033.0000
187	188	163	0.3800	8033.0000
188	189	164	0.3800	8033.0000
189	190	165	0.3800	8033.0000
190	191	166	0.3800	8033.0000
191	192	167	0.3800	8033.0000
193	194	168	0.3800	8033.0000
194	195	169	0.3800	8033.0000
195	196	170	0.3800	8033.0000
196	197	171	0.3800	8033.0000
197	198	172	0.3800	8033.0000
198	199	173	0.3800	8033.0000
199	200	174	0.3800	8033.0000
201	202	175	0.3800	8033.0000
202	203	176	0.3800	8033.0000
203	204	177	0.3800	8033.0000
204	205	178	0.3800	8033.0000
205	206	179	0.3800	8033.0000
206	207	180	0.3800	8033.0000
207	208	181	0.3800	8033.0000
209	210	182	0.3800	8033.0000
210	211	183	0.3800	8033.0000
211	212	184	0.3800	8033.0000
212	213	185	0.3800	8033.0000
213	214	186	0.3800	8033.0000
214	215	187	0.3800	8033.0000
215	216	188	0.3800	8033.0000
217	218	189	0.3800	8033.0000
218	219	190	0.3800	8033.0000
219	220	191	0.3800	8033.0000
220	221	192	0.3800	8033.0000
221	222	193	0.3800	8033.0000
222	223	194	0.3800	8033.0000
223	224	195	0.3800	8033.0000
225	226	196	0.3800	8033.0000
226	227	197	0.3800	8033.0000
227	228	198	0.3800	8033.0000
228	229	199	0.3800	8033.0000
229	230	200	0.3800	8033.0000
230	231	201	0.3800	8033.0000
231	232	202	0.3800	8033.0000
233	234	203	0.3800	8033.0000
234	235	204	0.3800	8033.0000
235	236	205	0.3800	8033.0000
236	237	206	0.3800	8033.0000
237	238	207	0.3800	8033.0000
238	239	208	0.3800	8033.0000
239	240	209	0.3800	8033.0000
241	242	210	0.3800	8033.0000
242	243	211	0.3800	8033.0000
243	244	212	0.3800	8033.0000
244	245	213	0.3800	8033.0000
245	246	214	0.3800	8033.0000
246	247	215	0.3800	8033.0000
247	248	216	0.3800	8033.0000
249	250	217	0.3800	8033.0000
250	251	218	0.3800	8033.0000
251	252	219	0.3800	8033.0000
252	253	220	0.3800	8033.0000
253	254	221	0.3800	8033.0000
254	255	222	0.3800	8033.0000
255	256	223	0.3800	8033.0000
257	258	224	0.3800	8033.0000
258	259	225	0.3800	8033.0000
259	260	226	0.3800	8033.0000
260	261	227	0.3800	8033.0000
261	262	228	0.3800	8033.0000
262	263	229	0.3800	8033.0000
263	264	230	0.3800	8033.0000
265	266	231	0.3800	8033.0000
266	267	232	0.3800	8033.0000
267	268	233	0.3800	8033.0000
268	269	234	0.3800	8033.0000
269	270	235	0.3800	8033.0000
270	271	236	0.3800	8033.0000
271	272	237	0.3800	8033.0000
273	274	238	0.3800	8033.0000
274	275	239	0.3800	8033.0000
275	276	240	0.3800	8033.0000
276	277	241	0.3800	8033.0000
277	278	242	0.3800	8033.0000
278	279	243	0.3800	8033.0000
279	280	244	0.3800	8033.0000
281	282	245	0.3800	8033.0000
282	283	246	0.3800	8033.0000
283	284	247	0.3800	8033.0000
284	285	248	0.3800	8033.0000
285	286	249	0.3800	8033.0000
286	287	250	0.3800	8033.0000
287	288	251	0.3800	8033.0000
289	290	252	0.3800	8033.0000
290	291	253	0.3800	8033.0000
291	292	254	0.3800	8033.0000
292	293	255	0.3800	8033.0000
293	294	256	0.3800	8033.0000
294	295	257	0.3800	8033.0000
295	296	258	0.3800	8033.0000
297	298	259	0.3800	8033.0000
298	299	260	0.3800	8033.0000
299	300	261	0.3800	8033.0000
300	301	262	0.3800	8033.0000
301	302	263	0.3800	8033.0000
302	303	264	0.3800	8033.0000
303	304	265	0.3800	8033.0000
305	306	266	0.3800	8033.0000
306	307	267	0.3800	8033.0000
307	308	268	0.3800	8033.0000
308	309	269	0.3800	8033.0000
309	310	270	0.3800	8033.0000
310	311	271	0.3800	8033.0000
311	312	272	0.3800	8033.0000
313	314	273	0.3800	8033.0000
314	315	274	0.3800	8033.0000
315	316	275	0.3800	8033.0000
316	317	276	0.3800	8033.0000
317	318	277	0.3800	8033.0000
318	319	278	0.3800	8033.0000
319	320	279	0.3800	8033.0000
321	322	280	0.3800	8033.0000
322	323	281	0.3800	8033.0000
323	324	282	0.3800	8033.0000
324	325	283	0.3800	8033.0000
325	326	284	0.3800	8033.0000
326	327	285	0.3800	8033.0000
327	328	286	0.3800	8033.0000
329	330	287	0.3800	8033.0000
330	331	288	0.3800	8033.0000
331	332	289	0.3800	8033.0000
332	333	290	0.3800	8033.0000
333	334	291	0.3800	8033.0000
334	335	292	0.3800	8033.0000
335	336	293	0.3800	8033.0000
337	338	294	0.3800	8033.0000
338	339	295	0.3800	8033.0000
339	340	296	0.3800	8033.0000
340	341	297	0.3800	8033.0000
341	342	298	0.3800	8033.0000
342	343	299	0.3800	8033.0000
343	344	300	0.3800	8033.0000
345	346	301	0.3800	8033.0000
346	347	302	0.3800	8033.0000
347	348	303	0.3800	8033.0000
348	349	304	0.3800	8033.0000
349	350	305	0.3800	8033.0000
350	351	306	0.3800	8033.0000
351	352	307	0.3800	8033.0000
353	354	308	0.3800	8033.0000
354	355	309	0.3800	8033.0000
355	356	310	0.3800	8033.0000
356	357	311	0.3800	8033.0000
357	358	312	0.3800	8033.0000
358	359	313	0.3800	8033.0000
359	360	314	0.3800	8033.0000
361	362	315	0.3800	8033.0000
362	363	316	0.3800	8033.0000
363	364	317	0.3800	8033.0000
364	365	318	0.3800	8033.0000
365	366	319	0.3800	8033.0000
366	367	320	0.3800	8033.0000
367	368	321	0.3800	8033.0000
369	370	322	0.3800	8033.0000
370	371	323	0.3800	8033.0000
371	372	324	0.3800	8033.0000
372	373	325	0.3800	8033.0000
373	374	326	0.3800	8033.0000
374	375	327	0.3800	8033.0000
375	376	328	0.3800	8033.0000
377	378	329	0.3800	8033.0000
378	379	330	0.3800	8033.0000
379	380	331	0.3800	8033.0000
380	381	332	0.3800	8033.0000
381	382	333	0.3800	8033.0000
382	383	334	0.3800	8033.0000
383	384	335	0.3800	8033.0000
385	386	336	0.3800	8033.0000
386	387	337	0.3800	8033.0000
387	388	338	0.3800	8033.0000
388	389	339	0.3800	8033.0000
389	390	340	0.3800	8033.0000
390	391	341	0.3800	8033.0000
391	392	342	0.3800	8033.0000
393	394	343	0.3800	8033.0000
394	395	344	0.3800	8033.0000
395	396	345	0.3800	8033.0000
396	397	346	0.3800	8033.0000
397	398	347	0.3800	8033.0000
398	399	348	0.3800	8033.0000
399	400	349	0.3800	8033.0000
401	402	350	0.3800	8033.0000
402	403	351	0.3800	8033.0000
403	404	352	0.3800	8033.0000
404	405	353	0.3800	8033.0000
405	406	354	0.3800	8033.0000
406	407	355	0.3800	8033.0000
407	408	356	0.3800	8033.0000
409	410	357	0.3800	8033.0000
410	411	358	0.3800	8033.0000
411	412	359	0.3800	8033.0000
412	413	360	0.3800	8033.0000
413	414	361	0.3800	8033.0000
414	415	362	0.3800	8033.0000
415	416	363	0.3800	8033.0000
417	418	364	0.3800	8033.0000
418	419	365	0.3800	8033.0000
419	420	366	0.3800	8033.0000
420	421	367	0.3800	8033.0000
421	422	368	0.3800	8033.0000
422	423	369	0.3800	8033.0000
423	424	370	0.3800	8033.0000
425	426	371	0.3800	8033.0000
426	427	372	0.3800	8033.0000
427	428	373	0.3800	8033.0000
428	429	374	0.3800	8033.0000
429	430	375	0.3800	8033.0000
430	431	376	0.3800	8033.0000
431	432	377	0.3800	8033.0000
433	434	378	0.3800	8033.0000
434	435	379	0.3800	8033.0000
435	436	380	0.3800	8033.0000
436	437	381	0.3800	8033.0000
437	438	382	0.3800	8033.0000
438	439	383	0.3800	8033.0000
439	440	384	0.3800	8033.0000
441	442	385	0.3800	8033.0000
442	443	386	0.3800	8033.0000
443	444	387	0.3800	8033.0000
444	445	388	0.3800	8033.0000
445	446	389	0.3800	8033.0000
446	447	390	0.3800	8033.0000
447	448	391	0.3800	8033.0000
449	450	392	0.3800	8033.0000
450	451	393	0.3800	8033.0000
451	452	394	0.3800	8033.0000
452	453	395	0.3800	8033.0000
453	454	396	0.3800	8033.0000
454	455	397	0.3800	8033.0000
455	456	398	0.3800	8033.0000
457	458	399	0.3800	8033.0000
458	459	400	0.3800	8033.0000
459	460	401	0.3800	8033.0000
460	461	402	0.3800	8033.0000
461	462	403	0.3800	8033.0000
462	463	404	0.3800	8033.0000
463	464	405	0.3800	8033.0000
465	466	406	0.3800	8033.0000
466	467	407	0.3800	8033.0000
467	468	408	0.3800	8033.0000
468	469	409	0.3800	8033.0000
469	470	410	0.3800	8033.0000
470	471	411	0.3800	8033.0000
471	472	412	0.3800	8033.0000
473	474	413	0.3800	8033.0000
474	475	414	0.3800	8033.0000
475	476	415	0.3800	8033.0000
476	477	416	0.3800	8033.0000
477	478	417	0.3800	8033.0000
478	479	418	0.3800	8033.0000
479	480	419	0.3800	8033.0000
481	482	420	0.3800	8033.0000
482	483	421	0.3800	8033.0000
483	484	422	0.3800	8033.0000
484	485	423	0.3800	8033.0000
485	486	424	0.3800	8033.0000
486	487	425	0.3800	8033.0000
487	488	426	0.3800	8033.0000
489	490	427	0.3800	8033.0000
490	491	428	0.3800	8033.0000
491	492	429	0.3800	8033.0000
492	493	430	0.3800	8033.0000
493	494	431	0.3800	8033.0000
494	495	432	0.3800	8033.0000
495	496	433	0.3800	8033.0000
497	498	434	0.3800	8033.0000
498	499	435	0.3800	8033.0000
499	500	436	0.3800	8033.0000
500	501	437	0.3800	8033.0000
501	502	438	0.3800	8033.0000
502	503	439	0.3800	8033.0000
503	504	440	0.3800	8033.0000
505	506	441	0.3800	8033.0000
506	507	442	0.3800	8033.0000
507	508	443	0.3800	8033.0000
508	509	444	0.3800	8033.0000
509	510	445	0.3800	8033.0000
510	511	446	0.3800	8033.0000
511	512	447	0.3800	8033.0000
513	514	448	0.3800	8033.0000
514	515	449	0.3800	8033.0000
515	516	450	0.3800	8033.0000
516	517	451	0.3800	8033.0000
517	518	452	0.3800	8033.0000
518	519	453	0.3800	8033.0000
519	520	454	0.3800	8033.0000
521	522	455	0.3800	8033.0000
522	523	456	0.3800	8033.0000
523	524	457	0.3800	8033.0000
524	525	458	0.3800	8033.0000
525	526	459	0.3800	8033.0000
526	527	460	0.3800	8033.0000
527	528	461	0.3800	8033.0000
529	530	462	0.3800	8033.0000
530	531	463	0.3800	8033.0000
531	532	464	0.3800	8033.0000
532	533	465	0.3800	8033.0000
533	534	466	0.3800	8033.0000
534	535	467	0.3800	8033.0000
535	536	468	0.3800	8033.0000
537	538	469	0.3800	8033.0000
538	539	470	0.3800	8033.0000
539	540	471	0.3800	8033.0000
540	541	472	0.3800	8033.0000
541	542	473	0.3800	8033.0000
542	543	474	0.3800	8033.0000
543	544	475	0.3800	8033.0000
545	546	476	0.3800	8033.0000
546	547	477	0.3800	8033.0000
547	548	478	0.3800	8033.0000
548	549	479	0.3800	8033.0000
549	550	480	0.3800	8033.0000
550	551	481	0.3800	8033.0000
551	552	482	0.3800	8033.0000
553	554	483	0.3800	8033.0000
554	555	484	0.3800	8033.0000
555	556	485	0.3800	8033.0000
556	557	486	0.3800	8033.0000
557	558	487	0.3800	8033.0000
558	559	488	0.3800	8033.0000
559	560	489	0.3800	8033.0000
561	562	490	0.3800	8033.0000
562	563	491	0.3800	8033.0000
563	564	492	0.3800	8033.0000
564	565	493	0.3800	8033.0000
565	566	494	0.3800	8033.0000
566	567	495	0.3800	8033.0000
567	568	496	0.3800	8033.0000
569	570	497	0.3800	8033.0000
570	571	498	0.3800	8033.0000
571	572	499	0.3800	8033.0000
572	573	500	0.3800	8033.0000
573	574	501	0.3800	8033.0000
574	575	502	0.3800	8033.0000
575	576	503	0.3800	8033.0000
577	578	504	0.3800	8033.0000
578	579	505	0.3800	8033.0000
579	580	506	0.3800	8033.0000
580	581	507	0.3800	8033.0000
581	582	508	0.3800	8033.0000
582	583	509	0.3800	8033.0000
583	584	510	0.3800	8033.0000
585	586	511	0.3800	8033.0000
586	587	512	0.3800	8033.0000
587	588	513	0.3800	8033.0000
588	589	514	0.3800	8033.0000
589	590	515	0.3800	8033.0000
590	591	516	0.3800	8033.0000
591	592	517	0.3800	8033.0000
593	594	518	0.3800	8033.0000
594	595	519	0.3800	8033.0000
595	596	520	0.3800	8033.0000
596	597	521	0.3800	8033.0000
597	598	522	0.3800	8033.0000
598	599	523	0.3800	8033.0000
599	600	524	0.3800	8033.0000
601	602	525	0.3800	8033.0000
602	603	526	0.3800	8033.0000
603	604	527	0.3800	8033.0000
604	605	528	0.3800	8033.0000
605	606	529	0.3800	8033.0000
606	607	530	0.3800	8033.0000
607	608	531	0.3800	8033.0000
609	610	532	0.3800	8033.0000
610	611	533	0.3800	8033.0000
611	612	534	0.3800	8033.0000
612	613	535	0.3800	8033.0000
613	614	536	0.3800	8033.0000
614	615	537	0.3800	8033.0000
615	616	538	0.3800	8033.0000
617	618	539	0.3800	8033.0000
618	619	540	0.3800	8033.0000
619	620	541	0.3800	8033.0000
620	621	542	0.3800	8033.0000
621	622	543	0.3800	8033.0000
622	623	544	0.3800	8033.0000
623	624	545	0.3800	8033.0000
625	626	546	0.3800	8033.0000
626	627	547	0.3800	8033.0000
627	628	548	0.3800	8033.0000
628	629	549	0.3800	8033.0000
629	630	550	0.3800	8033.0000
630	631	551	0.3800	8033.0000
631	632	552	0.3800	8033.0000
633	634	553	0.3800	8033.0000
634	635	554	0.3800	8033.0000
635	636	555	0.3800	8033.0000
636	637	556	0.3800	8033.0000
637	638	557	0.3800	8033.0000
638	639	558	0.3800	8033.0000
639	640	559	0.3800	8033.0000
641	642	560	0.3800	8033.0000
642	643	561	0.3800	8033.0000
643	644	562	0.3800	8033.0000
644	645	563	0.3800	8033.0000
645	646	564	0.3800	8033.0000
646	647	565	0.3800	8033.0000
647	648	566	0.3800	8033.0000
649	650	567	0.3800	8033.0000
650	651	568	0.3800	8033.0000
651	652	569	0.3800	8033.0000
652	653	570	0.3800	8033.0000
653	654	571	0.3800	8033.0000
654	655	572	0.3800	8033.0000
655	656	573	0.3800	8033.0000
657	658	574	0.3800	8033.0000
658	659	575	0.3800	8033.0000
659	660	576	0.3800	8033.0000
660	661	577	0.3800	8033.0000
661	662	578	0.3800	8033.0000
662	663	579	0.3800	8033.0000
663	664	580	0.3800	8033.0000
665	666	581	0.3800	8033.0000
666	667	582	0.3800	8033.0000
667	668	583	0.3800	8033.0000
668	669	584	0.3800	8033.0000
669	670	585	0.3800	8033.0000
670	671	586	0.3800	8033.0000
671	672	587	0.3800	8033.0000
673	674	588	0.3800	8033.0000
674	675	589	0.3800	8033.0000
675	676	590	0.3800	8033.0000
676	677	591	0.3800	8033.0000
677	678	592	0.3800	8033.0000
678	679	593	0.3800	8033.0000
679	680	594	0.3800	8033.0000
681	682	595	0.3800	8033.0000
682	683	596	0.3800	8033.0000
683	684	597	0.3800	8033.0000
684	685	598	0.3800	8033.0000
685	686	599	0.3800	8033.0000
686	687	600	0.3800	8033.0000
687	688	601	0.3800	8033.0000
689	690	602	0.3800	8033.0000
690	691	603	0.3800	8033.0000
691	692	604	0.3800	8033.0000
692	693	605	0.3800	8033.0000
693	694	606	0.3800	8033.0000
694	695	607	0.3800	8033.0000
695	696	608	0.3800	8033.0000
697	698	609	0.3800	8033.0000
698	699	610	0.3800	8033.0000
699	700	611	0.3800	8033.0000
700	701	612	0.3800	8033.0000
701	702	613	0.3800	8033.0000
702	703	614	0.3800	8033.0000
703	704	615	0.3800	8033.0000
705	706	616	0.3800	8033.0000
706	707	617	0.3800	8033.0000
707	708	618	0.3800	8033.0000
708	709	619	0.3800	8033.0000
709	710	620	0.3800	8033.0000
710	711	621	0.3800	8033.0000
711	712	622	0.3800	8033.0000
713	714	623	0.3800	8033.0000
714	715	624	0.3800	8033.0000
715	716	625	0.3800	8033.0000
716	717	626	0.3800	8033.0000
717	718	627	0.3800	8033.0000
718	719	628	0.3800	8033.0000
719	720	629	0.3800	8033.0000
721	722	630	0.3800	8033.0000
722	723	631	0.3800	8033.0000
723	724	632	0.3800	8033.0000
724	725	633	0.3800	8033.0000
725	726	634	0.3800	8033.0000
726	727	635	0.3800	8033.0000
727	728	636	0.3800	8033.0000
729	730	637	0.3800	8033.0000
730	731	638	0.3800	8033.0000
731	732	639	0.3800	8033.0000
732	733	640	0.3800	8033.0000
733	734	641	0.3800	8033.0000
734	735	642	0.3800	8033.0000
735	736	643	0.3800	8033.0000
737	738	644	0.3800	8033.0000
738	739	645	0.3800	8033.0000
739	740	646	0.3800	8033.0000
740	741	647	0.3800	8033.0000
741	742	648	0.3800	8033.0000
742	743	649	0.3800	8033.0000
743	744	650	0.3800	8033.0000
745	746	651	0.3800	8033.0000
746	747	652	0.3800	8033.0000
747	748	653	0.3800	8033.0000
748	749	654	0.3800	8033.0000
749	750	655	0.3800	8033.0000
750	751	656	0.3800	8033.0000
751	752	657	0.3800	8033.0000
753	754	658	0.3800	8033.0000
754	755	659	0.3800	8033.0000
755	756	660	0.3800	8033.0000
756	757	661	0.3800	8033.0000
757	758	662	0.3800	8033.0000
758	759	663	0.3800	8033.0000
759	760	664	0.3800	8033.0000
761	762	665	0.3800	8033.0000
762	763	666	0.3800	8033.0000
763	764	667	0.3800	8033.0000
764	765	668	0.3800	8033.0000
765	766	669	0.3800	8033.0000
766	767	670	0.3800	8033.0000
767	768	671	0.3800	8033.0000
769	770	672	0.3800	8033.0000
770	771	673	0.3800	8033.0000
771	772	674	0.3800	8033.0000
772	773	675	0.3800	8033.0000
773	774	676	0.3800	8033.0000
774	775	677	0.3800	8033.0000
775	776	678	0.3800	8033.0000
777	778	679	0.3800	8033.0000
778	779	680	0.3800	8033.0000
779	780	681	0.3800	8033.0000
780	781	682	0.3800	8033.0000
781	782	683	0.3800	8033.0000
782	783	684	0.3800	8033.0000
783	784	685	0.3800	8033.0000
785	786	686	0.3800	8033.0000
786	787	687	0.3800	8033.0000
787	788	688	0.3800	8033.0000
788	789	689	0.3800	8033.0000
789	790	690	0.3800	8033.0000
790	791	691	0.3800	8033.0000
791	792	692	0.3800	8033.0000
793	794	693	0.3800	8033.0000
794	795	694	0.3800	8033.0000
795	796	695	0.3800	8033.0000
796	797	696	0.3800	8033.0000
797	798	697	0.3800	8033.0000
798	799	698	0.3800	8033.0000
799	800	699	0.3800	8033.0000
801	802	700	0.3800	8033.0000
802	803	701	0.3800	8033.0000
803	804	702	0.3800	8033.0000
804	805	703	0.3800	8033.0000
805	806	704	0.3800	8033.0000
806	807	705	0.3800	8033.0000
807	808	706	0.3800	8033.0000
809	810	707	0.3800	8033.0000
810	811	708	0.3800	8033.0000
811	812	709	0.3800	8033.0000
812	813	710	0.3800	8033.0000
813	814	711	0.3800	8033.0000
814	815	712	0.3800	8033.0000
815	816	713	0.3800	8033.0000
817	818	714	0.3800	8033.0000
818	819	715	0.3800	8033.0000
819	820	716	0.3800	8033.0000
820	821	717	0.3800	8033.0000
821	822	718	0.3800	8033.0000
822	823	719	0.3800	8033.0000
823	824	720	0.3800	8033.0000
825	826	721	0.3800	8033.0000
826	827	722	0.3800	8033.0000
827	828	723	0.3800	8033.0000
828	829	724	0.3800	8033.0000
829	830	725	0.3800	8033.0000
830	831	726	0.3800	8033.0000
831	832	727	0.3800	8033.0000
833	834	728	0.3800	8033.0000
834	835	729	0.3800	8033.0000
835	836	730	0.3800	8033.0000
836	837	731	0.3800	8033.0000
837	838	732	0.3800	8033.0000
838	839	733	0.3800	8033.0000
839	840	734	0.3800	8033.0000
841	842	735	0.3800	8033.0000
842	843	736	0.3800	8033.0000
843	844	737	0.3800	8033.0000
844	845	738	0.3800	8033.0000
845	846	739	0.3800	8033.0000
846	847	740	0.3800	8033.0000
847	848	741	0.3800	8033.0000
849	850	742	0.3800	8033.0000
850	851	743	0.3800	8033.0000
851	852	744	0.3800	8033.0000
852	853	745	0.3800	8033.0000
853	854	746	0.3800	8033.0000
854	855	747	0.3800	8033.0000
855	856	748	0.3800	8033.0000
857	858	749	0.3800	8033.0000
858	859	750	0.3800	8033.0000
859	860	751	0.3800	8033.0000
860	861	752	0.3800	8033.0000
861	862	753	0.3800	8033.0000
862	863	754	0.3800	8033.0000
863	864	755	0.3800	8033.0000
865	866	756	0.3800	8033.0000
866	867	757	0.3800	8033.0000
867	868	758	0.3800	8033.0000
868	869	759	0.3800	8033.0000
869	870	760	0.3800	8033.0000
870	871	761	0.3800	8033.0000
871	872	762	0.3800	8033.0000
873	874	763	0.3800	8033.0000
874	875	764	0.3800	8033.0000
875	876	765	0.3800	8033.0000
876	877	766	0.3800	8033.0000
877	878	767	0.3800	8033.0000
878	879	768	0.3800	8033.0000
879	880	769	0.3800	8033.0000
881	882	770	0.3800	8033.0000
882	883	771	0.3800	8033.0000
883	884	772	0.3800	8033.0000
884	885	773	0.3800	8033.0000
885	886	774	0.3800	8033.0000
886	887	775	0.3800	8033.0000
887	888	776	0.3800	8033.0000
889	890	777	0.3800	8033.0000
890	891	778	0.3800	8033.0000
891	892	779	0.3800	8033.0000
892	893	780	0.3800	8033.0000
893	894	781	0.3800	8033.0000
894	895	782	0.3800	8033.0000
895	896	783	0.3800	8033.0000
897	898	784	0.3800	8033.0000
898	899	785	0.3800	8033.0000
899	900	786	0.3800	8033.0000
900	901	787	0.3800	8033.0000
901	902	788	0.3800	8033.0000
902	903	789	0.3800	8033.0000
903	904	790	0.3800	8033.0000
905	906	791	0.3800	8033.0000
906	907	792	0.3800	8033.0000
907	908	793	0.3800	8033.0000
908	909	794	0.3800	8033.0000
909	910	795	0.3800	8033.0000
910	911	796	0.3800	8033.0000
911	912	797	0.3800	8033.0000
913	914	798	0.3800	8033.0000
914	915	799	0.3800	8033.0000
915	916	800	0.3800	8033.0000
916	917	801	0.3800	8033.0000
917	918	802	0.3800	8033.0000
918	919	803	0.3800	8033.0000
919	920	804	0.3800	8033.0000
921	922	805	0.3800	8033.0000
922	923	806	0.3800	8033.0000
923	924	807	0.3800	8033.0000
924	925	808	0.3800	8033.0000
925	926	809	0.3800	8033.0000
926	927	810	0.3800	8033.0000
927	928	811	0.3800	8033.0000
929	930	812	0.3800	8033.0000
930	931	813	0.3800	8033.0000
931	932	814	0.3800	8033.0000
932	933	815	0.3800	8033.0000
933	934	816	0.3800	8033.0000
934	935	817	0.3800	8033.0000
935	936	818	0.3800	8033.0000
937	938	819	0.3800	8033.0000
938	939	820	0.3800	8033.0000
939	940	821	0.3800	8033.0000
940	941	822	0.3800	8033.0000
941	942	823	0.3800	8033.0000
942	943	824	0.3800	8033.0000
943	944	825	0.3800	8033.0000
945	946	826	0.3800	8033.0000
946	947	827	0.3800	8033.0000
947	948	828	0.3800	8033.0000
948	949	829	0.3800	8033.0000
949	950	830	0.3800	8033.0000
950	951	831	0.3800	8033.0000
951	952	832	0.3800	8033.0000
953	954	833	0.3800	8033.0000
954	955	834	0.3800	8033.0000
955	956	835	0.3800	8033.0000
956	957	836	0.3800	8033.0000
957	958	837	0.3800	8033.0000
958	959	838	0.3800	8033.0000
959	960	839	0.3800	8033.0000
961	962	840	0.3800	8033.0000
962	963	841	0.3800	8033.0000
963	964	842	0.3800	8033.0000
964	965	843	0.3800	8033.0000
965	966	844	0.3800	8033.0000
966	967	845	0.3800	8033.0000
967	968	846	0.3800	8033.0000
969	970	847	0.3800	8033.0000
970	971	848	0.3800	8033.0000
971	972	849	0.3800	8033.0000
972	973	850	0.3800	8033.0000
973	974	851	0.3800	8033.0000
974	975	852	0.3800	8033.0000
975	976	853	0.3800	8033.0000
977	978	854	0.3800	8033.0000
978	979	855	0.3800	8033.0000
979	980	856	0.3800	8033.0000
980	981	857	0.3800	8033.0000
981	982	858	0.3800	8033.0000
982	983	859	0.3800	8033.0000
983	984	860	0.3800	8033.0000
985	986	861	0.3800	8033.0000
986	987	862	0.3800	8033.0000
987	988	863	0.3800	8033.0000
988	989	864	0.3800	8033.0000
989	990	865	0.3800	8033.0000
990	991	866	0.3800	8033.0000
991	992	867	0.3800	8033.0000
993	994	868	0.3800	8033.0000
994	995	869	0.3800	8033.0000
995	996	870	0.3800	8033.0000
996	997	871	0.3800	8033.0000
997	998	872	0.3800	8033.0000
998	999	873	0.3800	8033.0000
999	1000	874	0.3800	8033.0000
1001	1002	875	0.3800	8033.0000
1002	1003	876	0.3800	8033.0000
1003	1004	877	0.3800	8033.0000
1004	1005	878	0.3800	8033.0000
1005	1006	879	0.3800	8033.0000
1006	1007	880	0.3800	8033.0000
1007	1008	881	0.3800	8033.0000
1009	1010	882	0.3800	8033.0000
1010	1011	883	0.3800	8033.0000
1011	1012	884	0.3800	8033.0000
1012	1013	885	0.3800	8033.0000
1013	1014	886	0.3800	8033.0000
1014	1015	887	0.3800	8033.0000
1015	1016	888	0.3800	8033.0000
1017	1018	889	0.3800	8033.0000
1018	1019	890	0.3800	8033.0000
1019	1020	891	0.3800	8033.0000
1020	1021	892	0.3800	8033.0000
1021	1022	893	0.3800	8033.0000
1022	1023	894	0.3800	8033.0000
1023	1024	895	0.3800	8033.0000
1025	1026	896	0.3800	8033.0000
1026	1027	897	0.3800	8033.0000
1027	1028	898	0.3800	8033.0000
1028	1029	899	0.3800	8033.0000
1029	1030	900	0.3800	8033.0000
1030	1031	901	0.3800	8033.0000
1031	1032	902	0.3800	8033.0000
1033	1034	903	0.3800	8033.0000
1034	1035	904	0.3800	8033.0000
1035	1036	905	0.3800	8033.0000
1036	1037	906	0.3800	8033.0000
1037	1038	907	0.3800	8033.0000
1038	1039	908	0.3800	8033.0000
1039	1040	909	0.3800	8033.0000
1041	1042	910	0.3800	8033.0000
1042	1043	911	0.3800	8033.0000
1043	1044	912	0.3800	8033.0000
1044	1045	913	0.3800	8033.0000
1045	1046	914	0.3800	8033.0000
1046	1047	915	0.3800	8033.0000
1047	1048	916	0.3800	8033.0000
1049	1050	917	0.3800	8033.0000
1050	1051	918	0.3800	8033.0000
1051	1052	919	0.3800	8033.0000
1052	1053	920	0.3800	8033.0000
1053	1054	921	0.3800	8033.0000
1054	1055	922	0.3800	8033.0000
1055	1056	923	0.3800	8033.0000
1057	1058	924	0.3800	8033.0000
1058	1059	925	0.3800	8033.0000
1059	1060	926	0.3800	8033.0000
1060	1061	927	0.3800	8033.0000
1061	1062	928	0.3800	8033.0000
1062	1063	929	0.3800	8033.0000
1063	1064	930	0.3800	8033.0000
1065	1066	931	0.3800	8033.0000
1066	1067	932	0.3800	8033.0000
1067	1068	933	0.3800	8033.0000
1068	1069	934	0.3800	8033.0000
1069	1070	935	0.3800	8033.0000
1070	1071	936	0.3800	8033.0000
1071	1072	937	0.3800	8033.0000
1073	1074	938	0.3800	8033.0000
1074	1075	939	0.3800	8033.0000
1075	1076	940	0.3800	8033.0000
1076	1077	941	0.3800	8033.0000
1077	1078	942	0.3800	8033.0000
1078	1079	943	0.3800	8033.0000
1079	1080	944	0.3800	8033.0000
1081	1082	945	0.3800	8033.0000
1082	1083	946	0.3800	8033.0000
1083	1084	947	0.3800	8033.0000
1084	1085	948	0.3800	8033.0000
1085	1086	949	0.3800	8033.0000
1086	1087	950	0.3800	8033.0000
1087	1088	951	0.3800	8033.0000
1089	1090	952	0.3800	8033.0000
1090	1091	953	0.3800	8033.0000
1091	1092	954	0.3800	8033.0000
1092	1093	955	0.3800	8033.0000
1093	1094	956	0.3800	8033.0000
1094	1095	957	0.3800	8033.0000
1095	1096	958	0.3800	8033.0000
1097	1098	959	0.3800	8033.0000
1098	1099	960	0.3800	8033.0000
1099	1100	961	0.3800	8033.0000
1100	1101	962	0.3800	8033.0000
1101	1102	963	0.3800	8033.0000
1102	1103	964	0.3800	8033.0000
1103	1104	965	0.3800	8033.0000
1105	1106	966	0.3800	8033.0000
1106	1107	967	0.3800	8033.0000
1107	1108	968	0.3800	8033.0000
1108	1109	969	0.3800	8033.0000
1109	1110	970	0.3800	8033.0000
1110	1111	971	0.3800	8033.0000
1111	1112	972	0.3800	8033.0000
1113	1114	973	0.3800	8033.0000
1114	1115	974	0.3800	8033.0000
1115	1116	975	0.3800	8033.0000
1116	1117	976	0.3800	8033.0000
1117	1118	977	0.3800	8033.0000
1118	1119	978	0.3800	8033.0000
1119	1120	979	0.3800	8033.0000
1121	1122	980	0.3800	8033.0000
1122	1123	981	0.3800	8033.0000
1123	1124	982	0.3800	8033.0000
1124	1125	983	0.3800	8033.0000
1125	1126	984	0.3800	8033.0000
1126	1127	985	0.3800	8033.0000
1127	1128	986	0.3800	8033.0000
1129	1130	987	0.3800	8033.0000
1130	1131	988	0.3800	8033.0000
1131	1132	989	0.3800	8033.0000
1132	1133	990	0.3800	8033.0000
1133	1134	991	0.3800	8033.0000
1134	1135	992	0.3800	8033.0000
1135	1136	993	0.3800	8033.0000
1137	1138	994	0.3800	8033.0000
1138	1139	995	0.3800	8033.0000
1139	1140	996	0.3800	8033.0000
1140	1141	997	0.3800	8033.0000
1141	1142	998	0.3800	8033.0000
1142	1143	999	0.3800	8033.0000
1143	1144	1000	0.3800	8033.0000
1145	1146	1001	0.3800	8033.0000
1146	1147	1002	0.3800	8033.0000
1147	1148	1003	0.3800	8033.0000
1148	1149	1004	0.3800	8033.0000
1149	1150	1005	0.3800	8033.0000
1150	1151	1006	0.3800	8033.0000
1151	1152	1007	0.3800	8033.0000
1153	1154	1008	0.3800	8033.0000
1154	1155	1009	0.3800	8033.0000
1155	1156	1010	0.3800	8033.0000
1156	1157	1011	0.3800	8033.0000
1157	1158	1012	0.3800	8033.0000
1158	1159	1013	0.3800	8033.0000
1159	1160	1014	0.3800	8033.0000
1161	1162	1015	0.3800	8033.0000
1162	1163	1016	0.3800	8033.0000
1163	1164	1017	0.3800	8033.0000
1164	1165	1018	0.3800	8033.0000
1165	1166	1019	0.3800	8033.0000
1166	1167	1020	0.3800	8033.0000
1167	1168	1021	0.3800	8033.0000
1169	1170	1022	0.3800	8033.0000
1170	1171	1023	0.3800	8033.0000
1171	1172	1024	0.3800	8033.0000
1172	1173	1025	0.3800	8033.0000
1173	1174	1026	0.3800	8033.0000
1174	1175	1027	0.3800	8033.0000
1175	1176	1028	0.3800	8033.0000
1177	1178	1029	0.3800	8033.0000
1178	1179	1030	0.3800	8033.0000
1179	1180	1031	0.3800	8033.0000
1180	1181	1032	0.3800	8033.0000
1181	1182	1033	0.3800	8033.0000
1182	1183	1034	0.3800	8033.0000
1183	1184	1035	0.3800	8033.0000
1185	1186	1036	0.3800	8033.0000
1186	1187	1037	0.3800	8033.0000
1187	1188	1038	0.3800	8033.0000
1188	1189	1039	0.3800	8033.0000
1189	1190	1040	0.3800	8033.0000
1190	1191	1041	0.3800	8033.0000
1191	1192	1042	0.3800	8033.0000
1193	1194	1043	0.3800	8033.0000
1194	1195	1044	0.3800	8033.0000
1195	1196	1045	0.3800	8033.0000
1196	1197	1046	0.3800	8033.0000
1197	1198	1047	0.3800	8033.0000
1198	1199	1048	0.3800	8033.0000
1199	1200	1049	0.3800	8033.0000
1201	1202	1050	0.3800	8033.0000
1202	1203	1051	0.3800	8033.0000
1203	1204	1052	0.3800	8033.0000
1204	1205	1053	0.3800	8033.0000
1205	1206	1054	0.3800	8033.0000
1206	1207	1055	0.3800	8033.0000
1207	1208	1056	0.3800	8033.0000
1209	1210	1057	0.3800	8033.0000
1210	1211	1058	0.3800	8033.0000
1211	1212	1059	0.3800	8033.0000
1212	1213	1060	0.3800	8033.0000
1213	1214	1061	0.3800	8033.0000
1214	1215	1062	0.3800	8033.0000
1215	1216	1063	0.3800	8033.0000
1217	1218	1064	0.3800	8033.0000
1218	1219	1065	0.3800	8033.0000
1219	1220	1066	0.3800	8033.0000
1220	1221	1067	0.3800	8033.0000
1221	1222	1068	0.3800	8033.0000
1222	1223	1069	0.3800	8033.0000
1223	1224	1070	0.3800	8033.0000
1225	1226	1071	0.3800	8033.0000
1226	1227	1072	0.3800	8033.0000
1227	1228	1073	0.3800	8033.0000
1228	1229	1074	0.3800	8033.0000
1229	1230	1075	0.3800	8033.0000
1230	1231	1076	0.3800	8033.0000
1231	1232	1077	0.3800	8033.0000
1233	1234	1078	0.3800	8033.0000
1234	1235	1079	0.3800	8033.0000
1235	1236	1080	0.3800	8033.0000
1236	1237	1081	0.3800	8033.0000
1237	1238	1082	0.3800	8033.0000
1238	1239	1083	0.3800	8033.0000
1239	1240	1084	0.3800	8033.0000
1241	1242	1085	0.3800	8033.0000
1242	1243	1086	0.3800	8033.0000
1243	1244	1087	0.3800	8033.0000
1244	1245	1088	0.3800	8033.0000
1245	1246	1089	0.3800	8033.0000
1246	1247	1090	0.3800	8033.0000
1247	1248	1091	0.3800	8033.0000
1249	1250	1092	0.3800	8033.0000
1250	1251	1093	0.3800	8033.0000
1251	1252	1094	0.3800	8033.0000
1252	1253	1095	0.3800	8033.0000
1253	1254	1096	0.3800	8033.0000
1254	1255	1097	0.3800	8033.0000
1255	1256	1098	0.3800	8033.0000
1257	1258	1099	0.3800	8033.0000
1258	1259	1100	0.3800	8033.0000
1259	1260	1101	0.3800	8033.0000
1260	1261	1102	0.3800	8033.0000
1261	1262	1103	0.3800	8033.0000
1262	1263	1104	0.3800	8033.0000
1263	1264	1105	0.3800	8033.0000
1265	1266	1106	0.3800	8033.0000
1266	1267	1107	0.3800	8033.0000
1267	1268	1108	0.3800	8033.0000
1268	1269	1109	0.3800	8033.0000
1269	1270	1110	0.3800	8033.0000
1270	1271	1111	0.3800	8033.0000
1271	1272	1112	0.3800	8033.0000
1273	1274	1113	0.3800	8033.0000
1274	1275	1114	0.3800	8033.0000
1275	1276	1115	0.3800	8033.0000
1276	1277	1116	0.3800	8033.0000
1277	1278	1117	0.3800	8033.0000
1278	1279	1118	0.3800	8033.0000
1279	1280	1119	0.3800	8033.0000
1281	1282	1120	0.3800	8033.0000
1282	1283	1121	0.3800	8033.0000
1283	1284	1122	0.3800	8033.0000
1284	1285	1123	0.3800	8033.0000
1285	1286	1124	0.3800	8033.0000
1286	1287	1125	0.3800	8033.0000
1287	1288	1126	0.3800	8033.0000
1289	1290	1127	0.3800	8033.0000
1290	1291	1128	0.3800	8033.0000
1291	1292	1129	0.3800	8033.0000
1292	1293	1130	0.3800	8033.0000
1293	1294	1131	0.3800	8033.0000
1294	1295	1132	0.3800	8033.0000
1295	1296	1133	0.3800	8033.0000
1297	1298	1134	0.3800	8033.0000
1298	1299	1135	0.3800	8033.0000
1299	1300	1136	0.3800	8033.0000
1300	1301	1137	0.3800	8033.0000
1301	1302	1138	0.3800	8033.0000
1302	1303	1139	0.3800	8033.0000
1303	1304	1140	0.3800	8033.0000
1305	1306	1141	0.3800	8033.0000
1306	1307	1142	0.3800	8033.0000
1307	1308	1143	0.3800	8033.0000
1308	1309	1144	0.3800	8033.0000
1309	1310	1145	0.3800	8033.0000
1310	1311	1146	0.3800	8033.0000
1311	1312	1147	0.3800	8033.0000
1313	1314	1148	0.3800	8033.0000
1314	1315	1149	0.3800	8033.0000
1315	1316	1150	0.3800	8033.0000
1316	1317	1151	0.3800	8033.0000
1317	1318	1152	0.3800	8033.0000
1318	1319	1153	0.3800	8033.0000
1319	1320	1154	0.3800	8033.0000
1321	1322	1155	0.3800	8033.0000
1322	1323	1156	0.3800	8033.0000
1323	1324	1157	0.3800	8033.0000
1324	1325	1158	0.3800	8033.0000
1325	1326	1159	0.3800	8033.0000
1326	1327	1160	0.3800	8033.0000
1327	1328	1161	0.3800	8033.0000
1329	1330	1162	0.3800	8033.0000
1330	1331	1163	0.3800	8033.0000
1331	1332	1164	0.3800	8033.0000
1332	1333	1165	0.3800	8033.0000
1333	1334	1166	0.3800	8033.0000
1334	1335	1167	0.3800	8033.0000
1335	1336	1168	0.3800	8033.0000
1337	1338	1169	0.3800	8033.0000
1338	1339	1170	0.3800	8033.0000
1339	1340	1171	0.3800	8033.0000
1340	1341	1172	0.3800	8033.0000
1341	1342	1173	0.3800	8033.0000
1342	1343	1174	0.3800	8033.0000
1343	1344	1175	0.3800	8033.0000
1345	1346	1176	0.3800	8033.0000
1346	1347	1177	0.3800	8033.0000
1347	1348	1178	0.3800	8033.0000
1348	1349	1179	0.3800	8033.0000
1349	1350	1180	0.3800	8033.0000
1350	1351	1181	0.3800	8033.0000
1351	1352	1182	0.3800	8033.0000
1353	1354	1183	0.3800	8033.0000
1354	1355	1184	0.3800	8033.0000
1355	1356	1185	0.3800	8033.0000
1356	1357	1186	0.3800	8033.0000
1357	1358	1187	0.3800	8033.0000
1358	1359	1188	0.3800	8033.0000
1359	1360	1189	0.3800	8033.0000
1361	1362	1190	0.3800	8033.0000
1362	1363	1191	0.3800	8033.0000
1363	1364	1192	0.3800	8033.0000
1364	1365	1193	0.3800	8033.0000
1365	1366	1194	0.3800	8033.0000
1366	1367	1195	0.3800	8033.0000
1367	1368	1196	0.3800	8033.0000
1369	1370	1197	0.3800	8033.0000
1370	1371	1198	0.3800	8033.0000
1371	1372	1199	0.3800	8033.0000
1372	1373	1200	0.3800	8033.0000
1373	1374	1201	0.3800	8033.0000
1374	1375	1202	0.3800	8033.0000
1375	1376	1203	0.3800	8033.0000
1377	1378	1204	0.3800	8033.0000
1378	1379	1205	0.3800	8033.0000
1379	1380	1206	0.3800	8033.0000
1380	1381	1207	0.3800	8033.0000
1381	1382	1208	0.3800	8033.0000
1382	1383	1209	0.3800	8033.0000
1383	1384	1210	0.3800	8033.0000
1385	1386	1211	0.3800	8033.0000
1386	1387	1212	0.3800	8033.0000
1387	1388	1213	0.3800	8033.0000
1388	1389	1214	0.3800	8033.0000
1389	1390	1215	0.3800	8033.0000
1390	1391	1216	0.3800	8033.0000
1391	1392	1217	0.3800	8033.0000
1393	1394	1218	0.3800	8033.0000
1394	1395	1219	0.3800	8033.0000
1395	1396	1220	0.3800	8033.0000
1396	1397	1221	0.3800	8033.0000
1397	1398	1222	0.3800	8033.0000
1398	1399	1223	0.3800	8033.0000
1399	1400	1224	0.3800	8033.0000
1401	1402	1225	0.3800	8033.0000
1402	1403	1226	0.3800	8033.0000
1403	1404	1227	0.3800	8033.0000
1404	1405	1228	0.3800	8033.0000
1405	1406	1229	0.3800	8033.0000
1406	1407	1230	0.3800	8033.0000
1407	1408	1231	0.3800	8033.0000
1409	1410	1232	0.3800	8033.0000
1410	1411	1233	0.3800	8033.0000
1411	1412	1234	0.3800	8033.0000
1412	1413	1235	0.3800	8033.0000
1413	1414	1236	0.3800	8033.0000
1414	1415	1237	0.3800	8033.0000
1415	1416	1238	0.3800	8033.0000
1417	1418	1239	0.3800	8033.0000
1418	1419	1240	0.3800	8033.0000
1419	1420	1241	0.3800	8033.0000
1420	1421	1242	0.3800	8033.0000
1421	1422	1243	0.3800	8033.0000
1422	1423	1244	0.3800	8033.0000
1423	1424	1245	0.3800	8033.0000
1425	1426	1246	0.3800	8033.0000
1426	1427	1247	0.3800	8033.0000
1427	1428	1248	0.3800	8033.0000
1428	1429	1249	0.3800	8033.0000
1429	1430	1250	0.3800	8033.0000
1430	1431	1251	0.3800	8033.0000
1431	1432	1252	0.3800	8033.0000
1433	1434	1253	0.3800	8033.0000
1434	1435	1254	0.3800	8033.0000
1435	1436	1255	0.3800	8033.0000
1436	1437	1256	0.3800	8033.0000
1437	1438	1257	0.3800	8033.0000
1438	1439	1258	0.3800	8033.0000
1439	1440	1259	0.3800	8033.0000
1441	1442	1260	0.3800	8033.0000
1442	1443	1261	0.3800	8033.0000
1443	1444	1262	0.3800	8033.0000
1444	1445	1263	0.3800	8033.0000
1445	1446	1264	0.3800	8033.0000
1446	1447	1265	0.3800	8033.0000
1447	1448	1266	0.3800	8033.0000
1449	1450	1267	0.3800	8033.0000
1450	1451	1268	0.3800	8033.0000
1451	1452	1269	0.3800	8033.0000
1452	1453	1270	0.3800	8033.0000
1453	1454	1271	0.3800	8033.0000
1454	1455	1272	0.3800	8033.0000
1455	1456	1273	0.3800	8033.0000
1457	1458	1274	0.3800	8033.0000
1458	1459	1275	0.3800	8033.0000
1459	1460	1276	0.3800	8033.0000
1460	1461	1277	0.3800	8033.0000
1461	1462	1278	0.3800	8033.0000
1462	1463	1279	0.3800	8033.0000
1463	1464	1280	0.3800	8033.0000
1465	1466	1281	0.3800	8033.0000
1466	1467	1282	0.3800	8033.0000
1467	1468	1283	0.3800	8033.0000
1468	1469	1284	0.3800	8033.0000
1469	1470	1285	0.3800	8033.0000
1470	1471	1286	0.3800	8033.0000
1471	1472	1287	0.3800	8033.0000
1473	1474	1288	0.3800	8033.0000
1474	1475	1289	0.3800	8033.0000
1475	1476	1290	0.3800	8033.0000
1476	1477	1291	0.3800	8033.0000
1477	1478	1292	0.3800	8033.0000
1478	1479	1293	0.3800	8033.0000
1479	1480	1294	0.3800	8033.0000
1481	1482	1295	0.3800	8033.0000
1482	1483	1296	0.3800	8033.0000
1483	1484	1297	0.3800	8033.0000
1484	1485	1298	0.3800	8033.0000
1485	1486	1299	0.3800	8033.0000
1486	1487	1300	0.3800	8033.0000
1487	1488	1301	0.3800	8033.0000
1489	1490	1302	0.3800	8033.0000
1490	1491	1303	0.3800	8033.0000
1491	1492	1304	0.3800	8033.0000
1492	1493	1305	0.3800	8033.0000
1493	1494	1306	0.3800	8033.0000
1494	1495	1307	0.3800	8033.0000
1495	1496	1308	0.3800	8033.0000
1497	1498	1309	0.3800	8033.0000
1498	1499	1310	0.3800	8033.0000
1499	1500	1311	0.3800	8033.0000
1500	1501	1312	0.3800	8033.0000
1501	1502	1313	0.3800	8033.0000
1502	1503	1314	0.3800	8033.0000
1503	1504	1315	0.3800	8033.0000
1505	1506	1316	0.3800	8033.0000
1506	1507	1317	0.3800	8033.0000
1507	1508	1318	0.3800	8033.0000
1508	1509	1319	0.3800	8033.0000
1509	1510	1320	0.3800	8033.0000
1510	1511	1321	0.3800	8033.0000
1511	1512	1322	0.3800	8033.0000
1513	1514	1323	0.3800	8033.0000
1514	1515	1324	0.3800	8033.0000
1515	1516	1325	0.3800	8033.0000
1516	1517	1326	0.3800	8033.0000
1517	1518	1327	0.3800	8033.0000
1518	1519	1328	0.3800	8033.0000
1519	1520	1329	0.3800	8033.0000
1521	1522	1330	0.3800	8033.0000
1522	1523	1331	0.3800	8033.0000
1523	1524	1332	0.3800	8033.0000
1524	1525	1333	0.3800	8033.0000
1525	1526	1334	0.3800	8033.0000
1526	1527	1335	0.3800	8033.0000
1527	1528	1336	0.3800	8033.0000
1529	1530	1337	0.3800	8033.0000
1530	1531	1338	0.3800	8033.0000
1531	1532	1339	0.3800	8033.0000
1532	1533	1340	0.3800	8033.0000
1533	1534	1341	0.3800	8033.0000
1534	1535	1342	0.3800	8033.0000
1535	1536	1343	0.3800	8033.0000
1537	1538	1344	0.3800	8033.0000
1538	1539	1345	0.3800	8033.0000
1539	1540	1346	0.3800	8033.0000
1540	1541	1347	0.3800	8033.0000
1541	1542	1348	0.3800	8033.0000
1542	1543	1349	0.3800	8033.0000
1543	1544	1350	0.3800	8033.0000
1545	1546	1351	0.3800	8033.0000
1546	1547	1352	0.3800	8033.0000
1547	1548	1353	0.3800	8033.0000
1548	1549	1354	0.3800	8033.0000
1549	1550	1355	0.3800	8033.0000
1550	1551	1356	0.3800	8033.0000
1551	1552	1357	0.3800	8033.0000
1553	1554	1358	0.3800	8033.0000
1554	1555	1359	0.3800	8033.0000
1555	1556	1360	0.3800	8033.0000
1556	1557	1361	0.3800	8033.0000
1557	1558	1362	0.3800	8033.0000
1558	1559	1363	0.3800	8033.0000
1559	1560	1364	0.3800	8033.0000
1561	1562	1365	0.3800	8033.0000
1562	1563	1366	0.3800	8033.0000
1563	1564	1367	0.3800	8033.0000
1564	1565	1368	0.3800	8033.0000
1565	1566	1369	0.3800	8033.0000
1566	1567	1370	0.3800	8033.0000
1567	1568	1371	0.3800	8033.0000
1569	1570	1372	0.3800	8033.0000
1570	1571	1373	0.3800	8033.0000
1571	1572	1374	0.3800	8033.0000
1572	1573	1375	0.3800	8033.0000
1573	1574	1376	0.3800	8033.0000
1574	1575	1377	0.3800	8033.0000
1575	1576	1378	0.3800	8033.0000
1577	1578	1379	0.3800	8033.0000
1578	1579	1380	0.3800	8033.0000
1579	1580	1381	0.3800	8033.0000
1580	1581	1382	0.3800	8033.0000
1581	1582	1383	0.3800	8033.0000
1582	1583	1384	0.3800	8033.0000
1583	1584	1385	0.3800	8033.0000
1585	1586	1386	0.3800	8033.0000
1586	1587	1387	0.3800	8033.0000
1587	1588	1388	0.3800	8033.0000
1588	1589	1389	0.3800	8033.0000
1589	1590	1390	0.3800	8033.0000
1590	1591	1391	0.3800	8033.0000
1591	1592	1392	0.3800	8033.0000
1593	1594	1393	0.3800	8033.0000
1594	1595	1394	0.3800	8033.0000
1595	1596	1395	0.3800	8033.0000
1596	1597	1396	0.3800	8033.0000
1597	1598	1397	0.3800	8033.0000
1598	1599	1398	0.3800	8033.0000
1599	1600	1399	0.3800	8033.0000
